Cycles (Myr)	Spectral Power
8.13852E-05	1.62E-12
0.00016277	4.1147E-10
0.000244156	1.04409E-08
0.000325541	1.02843E-07
0.000406926	6.0205E-07
0.000488311	2.53221E-06
0.000569696	8.46682E-06
0.000651081	2.39064E-05
0.000732467	5.92633E-05
0.000813852	0.000132455
0.000895237	0.00027201
0.000976622	0.00052046
0.001058007	0.000937712
0.001139392	0.001603942
0.001220778	0.002621525
0.001302163	0.004115465
0.001383548	0.006231796
0.001464933	0.009133554
0.001546318	0.012994002
0.001627704	0.017987049
0.001709089	0.024274999
0.001790474	0.031994092
0.001871859	0.041238538
0.001953244	0.052044052
0.002034629	0.064372101
0.002116015	0.078096247
0.0021974	0.09299203
0.002278785	0.108731812
0.00236017	0.12488582
0.002441555	0.140930361
0.00252294	0.156263778
0.002604326	0.170230215
0.002685711	0.182150708
0.002767096	0.191360475
0.002848481	0.197250734
0.002929866	0.199312762
0.003011252	0.197181523
0.003092637	0.190675822
0.003174022	0.179831861
0.003255407	0.164927119
0.003336792	0.146491801
0.003418177	0.125305636
0.003499563	0.102378545
0.003580948	0.078914631
0.003662333	0.056260035
0.003743718	0.035836322
0.003825103	0.019062249
0.003906488	0.007267824
0.003987874	0.001605521
0.004069259	0.002964223
0.004150644	0.011891871
0.004232029	0.028532852
0.004313414	0.052585864
0.004394799	0.083287221
0.004476185	0.119423498
0.00455757	0.15937589
0.004638955	0.20119694
0.00472034	0.24271829
0.004801725	0.281686063
0.004883111	0.315918415
0.004964496	0.343477906
0.005045881	0.362849722
0.005127266	0.373115542
0.005208651	0.37411212
0.005290036	0.36656356
0.005371422	0.352176705
0.005452807	0.333690297
0.005534192	0.314870315
0.005615577	0.300446341
0.005696962	0.295986632
0.005778347	0.307712832
0.005859733	0.342258666
0.005941118	0.40638039
0.006022503	0.506630008
0.006103888	0.649005153
0.006185273	0.838591808
0.006266659	1.079217632
0.006348044	1.373134383
0.006429429	1.720747681
0.006510814	2.120411149
0.006592199	2.568299759
0.006673584	3.058374109
0.00675497	3.582443431
0.006836355	4.130330622
0.00691774	4.690137615
0.006999125	5.248604337
0.00708051	5.791549444
0.007161895	6.304376403
0.007243281	6.772624458
0.007324666	7.182540889
0.007406051	7.521648853
0.007487436	7.779284293
0.007568821	7.947075797
0.007650207	8.019343145
0.007731592	7.993393313
0.007812977	7.869697005
0.007894362	7.651934025
0.007975747	7.346901808
0.008057132	6.964287902
0.008138518	6.516313806
0.008219903	6.017263986
0.008301288	5.482919764
0.008382673	4.929922809
0.008464058	4.375096865
0.008545443	3.834758874
0.008626829	3.324051682
0.008708214	2.856329948
0.008789599	2.44262864
0.008870984	2.09123986
0.008952369	1.807418618
0.009033755	1.593232028
0.00911514	1.447559392
0.009196525	1.36624319
0.00927791	1.34238344
0.009359295	1.3667607
0.00944068	1.428366387
0.009522066	1.515013647
0.009603451	1.613997793
0.009684836	1.712772759
0.009766221	1.799609115
0.009847606	1.864200097
0.009928991	1.898184737
0.010010377	1.895561453
0.010091762	1.852971121
0.010173147	1.769835454
0.010254532	1.648344069
0.010335917	1.493291561
0.010417302	1.311773806
0.010498688	1.112760134
0.010580073	0.906564591
0.010661458	0.704244895
0.010742843	0.516961526
0.010824228	0.355331555
0.010905614	0.228812145
0.010986999	0.145147101
0.011068384	0.109906519
0.011149769	0.12614468
0.011231154	0.194194993
0.011312539	0.311613527
0.011393925	0.473274698
0.01147531	0.671614509
0.011556695	0.897008826
0.01163808	1.138266854
0.011719465	1.383213744
0.01180085	1.61933136
0.011882236	1.834423034
0.011963621	2.017266666
0.012045006	2.158221045
0.012126391	2.249752593
0.012207776	2.28685385
0.012289162	2.267330666
0.012370547	2.191941961
0.012451932	2.064383673
0.012533317	1.891116773
0.012614702	1.681047487
0.012696087	1.445075743
0.012777473	1.195534897
0.012858858	0.945551666
0.012940243	0.708359514
0.013021628	0.496601389
0.013103013	0.321658395
0.013184398	0.193039876
0.013265784	0.117867281
0.013347169	0.100479528
0.013428554	0.142181352
0.013509939	0.241148851
0.013591324	0.392498383
0.01367271	0.588516572
0.013754095	0.819040913
0.01383548	1.071972697
0.013916865	1.333897157
0.01399825	1.59078017
0.014079635	1.828706842
0.014161021	2.034625065
0.014242406	2.197056733
0.014323791	2.306740771
0.014405176	2.357175439
0.014486561	2.345032221
0.014567946	2.270419866
0.014649332	2.136984472
0.014730717	1.951839404
0.014812102	1.725327118
0.014893487	1.470623035
0.014974872	1.203199155
0.015056258	0.940171771
0.015137643	0.699563055
0.015219028	0.499510276
0.015300413	0.357458685
0.015381798	0.28937474
0.015463183	0.30901512
0.015544569	0.427284224
0.015625954	0.651708493
0.015707339	0.986050354
0.015788724	1.430077999
0.015870109	1.979500073
0.015951494	2.626066807
0.01603288	3.357831758
0.016114265	4.159561313
0.01619565	5.013272848
0.016277035	5.898877196
0.01635842	6.794897052
0.016439805	7.679230315
0.016521191	8.529926175
0.016602576	9.32594209
0.016683961	10.04785146
0.016765346	10.67847488
0.016846731	11.20341183
0.016928117	11.61145487
0.017009502	11.89487367
0.017090887	12.04956252
0.017172272	12.07505053
0.017253657	11.97437987
0.017335042	11.75386242
0.017416428	11.42272987
0.017497813	10.99269593
0.017579198	10.47745223
0.017660583	9.892120907
0.017741968	9.252687466
0.017823353	8.575437168
0.017904739	7.876416494
0.017986124	7.170939045
0.018067509	6.473152166
0.018148894	5.795677045
0.018230279	5.149331156
0.018311665	4.542937916
0.01839305	3.983224502
0.018474435	3.474805033
0.01855582	3.020243009
0.018637205	2.620184093
0.01871859	2.273548075
0.018799976	1.977767303
0.018881361	1.729057976
0.018962746	1.522710444
0.019044131	1.353385069
0.019125516	1.215401127
0.019206901	1.103007649
0.019288287	1.010626845
0.019369672	0.933062797
0.019451057	0.865670237
0.019532442	0.804480431
0.019613827	0.746283269
0.019695213	0.688666659
0.019776598	0.630015973
0.019857983	0.569477798
0.019939368	0.506893278
0.020020753	0.442707174
0.020102138	0.377859124
0.020183524	0.313663754
0.020264909	0.251686049
0.020346294	0.193617989
0.020427679	0.141161758
0.020509064	0.095924054
0.020590449	0.059325082
0.020671835	0.032524843
0.02075322	0.016368336
0.020834605	0.011350342
0.02091599	0.01759956
0.020997375	0.034881061
0.021078761	0.062615389
0.021160146	0.09991204
0.021241531	0.145614676
0.021322916	0.198355177
0.021404301	0.256613459
0.021485686	0.318780047
0.021567072	0.383218467
0.021648457	0.448324757
0.021729842	0.512581736
0.021811227	0.574606009
0.021892612	0.633186169
0.021973997	0.687311109
0.022055383	0.736187845
0.022136768	0.779248781
0.022218153	0.816148762
0.022299538	0.846752763
0.022380923	0.871115402
0.022462308	0.889453818
0.022543694	0.902115688
0.022625079	0.909544323
0.022706464	0.912242834
0.022787849	0.910739343
0.022869234	0.905555081
0.02295062	0.897176981
0.023032005	0.886036099
0.02311339	0.87249279
0.023194775	0.856829192
0.02327616	0.839249071
0.023357545	0.819884681
0.023438931	0.798809794
0.023520316	0.776057739
0.023601701	0.751642884
0.023683086	0.725583839
0.023764471	0.697926471
0.023845856	0.668764831
0.023927242	0.638258218
0.024008627	0.6066428
0.024090012	0.574236585
0.024171397	0.541436946
0.024252782	0.508710414
0.024334168	0.476575007
0.024415553	0.445575908
0.024496938	0.416255842
0.024578323	0.389121963
0.024659708	0.364611448
0.024741093	0.343058248
0.024822479	0.324663525
0.024903864	0.309472296
0.024985249	0.29735854
0.025066634	0.28802065
0.025148019	0.2809886
0.025229404	0.275643495
0.02531079	0.271249461
0.025392175	0.266997011
0.02547356	0.26205622
0.025554945	0.255637294
0.02563633	0.247055432
0.025717716	0.235796387
0.025799101	0.221578753
0.025880486	0.204408907
0.025961871	0.184624593
0.026043256	0.162923534
0.026124641	0.14037397
0.026206027	0.118404865
0.026287412	0.098774473
0.026368797	0.083517073
0.026450182	0.074868871
0.026531567	0.075175304
0.026612952	0.086783115
0.026694338	0.111921649
0.026775723	0.152578686
0.026857108	0.210376762
0.026938493	0.286456293
0.027019878	0.381371874
0.027101264	0.495007806
0.027182649	0.626518327
0.027264034	0.774297057
0.027345419	0.935978984
0.027426804	1.108476861
0.027508189	1.288052315
0.027589575	1.470420256
0.02767096	1.650883527
0.027752345	1.82449312
0.02783373	1.98622786
0.027915115	2.131186291
0.0279965	2.254782605
0.028077886	2.352938009
0.028159271	2.422258767
0.028240656	2.460192529
0.028322041	2.465155277
0.028403426	2.436622341
0.028484811	2.375178414
0.028566197	2.282523232
0.028647582	2.161431533
0.028728967	2.015667948
0.028810352	1.849859551
0.028891737	1.669330739
0.028973123	1.479906917
0.029054508	1.287694971
0.029135893	1.098849645
0.029217278	0.919335719
0.029298663	0.754696165
0.029380048	0.609836304
0.029461434	0.488833347
0.029542819	0.394779649
0.029624204	0.329666547
0.029705589	0.294313885
0.029786974	0.288348321
0.029868359	0.310231345
0.029949745	0.357335759
0.03003113	0.426067217
0.030112515	0.512025447
0.0301939	0.610198058
0.030275285	0.715178413
0.030356671	0.821398074
0.030438056	0.92336371
0.030519441	1.015888284
0.030600826	1.094306656
0.030682211	1.154666527
0.030763596	1.19388683
0.030844982	1.209877189
0.030926367	1.201613857
0.031007752	1.169169479
0.031089137	1.113696108
0.031170522	1.0373629
0.031251907	0.943251874
0.031333293	0.835216871
0.031414678	0.717712316
0.031496063	0.595599575
0.031577448	0.473939478
0.031658833	0.357779999
0.031740219	0.251948052
0.031821604	0.160854028
0.031902989	0.088316874
0.031984374	0.037416504
0.032065759	0.010378963
0.032147144	0.008498245
0.03222853	0.032097035
0.032309915	0.080526923
0.0323913	0.152207027
0.032472685	0.244698361
0.03255407	0.354809943
0.032635455	0.478731447
0.032716841	0.612186325
0.032798226	0.750598708
0.032879611	0.889267098
0.032960996	1.023537859
0.033042381	1.148971824
0.033123767	1.261497863
0.033205152	1.357548061
0.033286537	1.434170102
0.033367922	1.489113551
0.033449307	1.520887893
0.033530692	1.528791387
0.033612078	1.512910939
0.033693463	1.474094311
0.033774848	1.413896936
0.033856233	1.334506454
0.033937618	1.238648714
0.034019003	1.129479483
0.034100389	1.010466347
0.034181774	0.885265406
0.034263159	0.757597232
0.034344544	0.631126349
0.034425929	0.509348064
0.034507314	0.395485994
0.0345887	0.292403044
0.034670085	0.202527963
0.03475147	0.127798921
0.034832855	0.069624934
0.03491424	0.02886529
0.034995626	0.005826597
0.035077011	0.000276521
0.035158396	0.011472861
0.035239781	0.038206257
0.035321166	0.07885453
0.035402551	0.13144649
0.035483937	0.19373292
0.035565322	0.263262418
0.035646707	0.337459791
0.035728092	0.413704807
0.035809477	0.489409192
0.035890862	0.562089975
0.035972248	0.629437433
0.036053633	0.689376134
0.036135018	0.740117775
0.036216403	0.780204763
0.036297788	0.808543739
0.036379174	0.824428466
0.036460559	0.827551768
0.036541944	0.818006438
0.036623329	0.796275296
0.036704714	0.763210792
0.036786099	0.720004796
0.036867485	0.668149443
0.03694887	0.609390095
0.037030255	0.545671701
0.03711164	0.47907996
0.037193025	0.411778907
0.03727441	0.34594656
0.037355796	0.283710431
0.037437181	0.227084653
0.037518566	0.177910506
0.037599951	0.137802039
0.037681336	0.108098364
0.037762722	0.089824031
0.037844107	0.083658676
0.037925492	0.089916896
0.038006877	0.108538962
0.038088262	0.139092722
0.038169647	0.180786655
0.038251033	0.232493734
0.038332418	0.292785377
0.038413803	0.359974475
0.038495188	0.43216619
0.038576573	0.507314933
0.038657958	0.583285772
0.038739344	0.657918345
0.038820729	0.729091274
0.038902114	0.794785079
0.038983499	0.853141612
0.039064884	0.902518183
0.03914627	0.941534698
0.039227655	0.96911239
0.03930904	0.984502994
0.039390425	0.987307535
0.03947181	0.97748425
0.039553195	0.955345513
0.039634581	0.921544
0.039715966	0.877048669
0.039797351	0.823111447
0.039878736	0.761225815
0.039960121	0.693078713
0.040041506	0.62049737
0.040122892	0.545392824
0.040204277	0.469701938
0.040285662	0.395329749
0.040367047	0.324093932
0.040448432	0.257673054
0.040529817	0.197560148
0.040611203	0.145022912
0.040692588	0.101071624
0.040773973	0.066435586
0.040855358	0.041548624
0.040936743	0.026543875
0.041018129	0.021257825
0.041099514	0.025243232
0.041180899	0.037790365
0.041262284	0.057955693
0.041343669	0.084597006
0.041425054	0.116413746
0.04150644	0.151991221
0.041587825	0.189847284
0.04166921	0.228480021
0.041750595	0.266415003
0.04183198	0.302250694
0.041913365	0.33470071
0.041994751	0.36263172
0.042076136	0.38509596
0.042157521	0.401357487
0.042238906	0.410911518
0.042320291	0.413496381
0.042401677	0.409097865
0.042483062	0.397945944
0.042564447	0.380504082
0.042645832	0.357451541
0.042727217	0.3296593
0.042808602	0.298160358
0.042889988	0.26411539
0.042971373	0.228774772
0.043052758	0.193438179
0.043134143	0.159412927
0.043215528	0.12797235
0.043296913	0.100315403
0.043378299	0.077528731
0.043459684	0.06055229
0.043541069	0.05014956
0.043622454	0.046883212
0.043703839	0.051096957
0.043785225	0.0629041
0.04386661	0.082183154
0.043947995	0.108580621
0.04402938	0.141520853
0.044110765	0.180222712
0.04419215	0.223722493
0.044273536	0.270902423
0.044354921	0.320523867
0.044436306	0.37126422
0.044517691	0.421756336
0.044599076	0.470629301
0.044680461	0.51654927
0.044761847	0.558259106
0.044843232	0.594615596
0.044924617	0.624623083
0.045006002	0.647462464
0.045087387	0.66251467
0.045168773	0.669377898
0.045250158	0.667878069
0.045331543	0.658072226
0.045412928	0.640244777
0.045494313	0.614896758
0.045575698	0.582728488
0.045657084	0.544616221
0.045738469	0.501583578
0.045819854	0.454768734
0.045901239	0.405388426
0.045982624	0.354700005
0.046064009	0.303962752
0.046145395	0.254399736
0.04622678	0.207161442
0.046308165	0.163292336
0.04638955	0.123701413
0.046470935	0.089137658
0.04655232	0.06017113
0.046633706	0.037180228
0.046715091	0.02034546
0.046796476	0.009649802
0.046877861	0.004885543
0.046959246	0.005667263
0.047040632	0.01145039
0.047122017	0.021554637
0.047203402	0.035191393
0.047284787	0.051494106
0.047366172	0.069550523
0.047447557	0.088435684
0.047528943	0.10724448
0.047610328	0.125122697
0.047691713	0.141295471
0.047773098	0.155092222
0.047854483	0.165967263
0.047935868	0.17351545
0.048017254	0.1774824
0.048098639	0.17776904
0.048180024	0.174430416
0.048261409	0.167668926
0.048342794	0.157822319
0.04842418	0.14534699
0.048505565	0.130797275
0.04858695	0.114801556
0.048668335	0.09803613
0.04874972	0.081197832
0.048831105	0.064976457
0.048912491	0.050028008
0.048993876	0.036949759
0.049075261	0.026258052
0.049156646	0.018369612
0.049238031	0.013587045
0.049319416	0.012089002
0.049400802	0.013925314
0.049482187	0.019017215
0.049563572	0.027162549
0.049644957	0.038045687
0.049726342	0.05125169
0.049807728	0.066284075
0.049889113	0.082585425
0.049970498	0.09955997
0.050051883	0.116597188
0.050133268	0.133095451
0.050214653	0.148484759
0.050296039	0.162247644
0.050377424	0.173937407
0.050458809	0.183193016
0.050540194	0.189750096
0.050621579	0.193447651
0.050702964	0.194230355
0.05078435	0.192146433
0.050865735	0.187341348
0.05094712	0.180047722
0.051028505	0.17057206
0.05110989	0.159278985
0.051191276	0.146573805
0.051272661	0.132884289
0.051354046	0.118642535
0.051435431	0.104267806
0.051516816	0.090151116
0.051598201	0.076642257
0.051679587	0.0640398
0.051760972	0.052584429
0.051842357	0.042455785
0.051923742	0.033772792
0.052005127	0.026597248
0.052086512	0.020940268
0.052167898	0.01677103
0.052249283	0.014027136
0.052330668	0.012625815
0.052412053	0.012475174
0.052493438	0.013484698
0.052574823	0.015574265
0.052656209	0.018681044
0.052737594	0.022763802
0.052818979	0.027804314
0.052900364	0.033805754
0.052981749	0.040788201
0.053063135	0.048781535
0.05314452	0.057816263
0.053225905	0.06791291
0.05330729	0.079070785
0.053388675	0.09125699
0.05347006	0.104396559
0.053551446	0.118364595
0.053632831	0.13298116
0.053714216	0.148009563
0.053795601	0.16315845
0.053876986	0.178087922
0.053958371	0.192419622
0.054039757	0.205750473
0.054121142	0.217669521
0.054202527	0.227777058
0.054283912	0.235705057
0.054365297	0.241137759
0.054446683	0.243831223
0.054528068	0.243630576
0.054609453	0.240483842
0.054690838	0.234451285
0.054772223	0.225709472
0.054853608	0.214549495
0.054934994	0.201369102
0.055016379	0.186658843
0.055097764	0.170982673
0.055179149	0.15495381
0.055260534	0.139206937
0.055341919	0.124368113
0.055423305	0.111023956
0.05550469	0.099691743
0.055586075	0.090792134
0.05566746	0.084626105
0.055748845	0.081357544
0.055830231	0.081002667
0.055911616	0.083427096
0.055993001	0.088351025
0.056074386	0.095362466
0.056155771	0.103938101
0.056237156	0.113470839
0.056318542	0.123302733
0.056399927	0.132761593
0.056481312	0.141199345
0.056562697	0.148030028
0.056644082	0.152765271
0.056725467	0.155045148
0.056806853	0.154662542
0.056888238	0.151579396
0.056969623	0.145933696
0.057051008	0.138036482
0.057132393	0.128358741
0.057213779	0.117508606
0.057295164	0.106199854
0.057376549	0.095213198
0.057457934	0.085352367
0.057539319	0.077397291
0.057620704	0.072056946
0.05770209	0.069924561
0.057783475	0.071437764
0.05786486	0.076846122
0.057946245	0.086188142
0.05802763	0.099279345
0.058109015	0.115712461
0.058190401	0.134870132
0.058271786	0.155949833
0.058353171	0.178000027
0.058434556	0.199965898
0.058515941	0.220742459
0.058597326	0.239232321
0.058678712	0.254405097
0.058760097	0.265355233
0.058841482	0.271355048
0.058922867	0.271899958
0.059004252	0.266743179
0.059085638	0.25591775
0.059167023	0.23974431
0.059248408	0.218823836
0.059329793	0.194015336
0.059411178	0.166399301
0.059492563	0.137228531
0.059573949	0.107868651
0.059655334	0.079731254
0.059736719	0.054203065
0.059818104	0.03257481
0.059899489	0.015973549
0.059980874	0.005302137
0.056381	0.003952135
0.056458	0.0135763
0.056534	0.02971013
0.05661	0.051678332
0.056687	0.078511758
0.056763	0.10899295
0.056839	0.141715144
0.056916	0.175151796
0.056992	0.207733126
0.057068	0.237925713
0.057144	0.264311036
0.057221	0.285658792
0.057297	0.300991109
0.057373	0.309634207
0.05745	0.311254675
0.057526	0.305878351
0.057602	0.293890677
0.057678	0.276018394
0.057755	0.253293406
0.057831	0.227000608
0.057907	0.198612327
0.057984	0.169712743
0.05806	0.141916194
0.058136	0.116783621
0.058213	0.095741518
0.058289	0.080007601
0.058365	0.070527121
0.058441	0.067923128
0.058518	0.072463305
0.058594	0.084045099
0.05867	0.102199922
0.058747	0.126116171
0.058823	0.154679863
0.058899	0.186530734
0.058975	0.220130835
0.059052	0.253842056
0.059128	0.286008517
0.059204	0.31503954
0.059281	0.339488936
0.059357	0.358126519
0.059433	0.369998236
0.05951	0.374471899
0.059586	0.3712663
0.059662	0.360462362
0.059738	0.342495962
0.059815	0.318132979
0.059891	0.288428089
0.059967	0.254669614